Year,Merchandise imports from high-income economies (% of total merchandise imports),Merchandise imports from low- and middle-income economies in East Asia & Pacific (% of total merchandise imports)
1960,88.37627591,4.213318944
1961,86.49379255,4.43031638
1962,87.93526012,4.300578035
1963,88.21187613,4.530025563
1964,89.10362276,4.213078464
1965,90.06043701,4.029133736
1966,89.63847031,4.767633278
1967,90.35868512,4.603272524
1968,91.13079126,4.267731848
1969,91.64780014,4.30133663
1970,92.82294872,3.418558064
1971,92.83742537,3.215193061
1972,92.56300678,3.497373655
1973,91.96884628,4.080412332
1974,91.70655602,3.560595287
1975,92.03804406,3.151254805
1976,92.06254544,3.903392106
1977,90.61448431,4.700458812
1978,91.24594492,4.489884513
1979,90.71477173,5.122807254
1980,90.05461119,5.788877725
1981,91.70333724,5.637275841
1982,90.77694059,6.430521552
1983,92.58812623,4.676752083
1984,91.78042994,5.357428295
1985,92.72614365,4.589228615
1986,92.41025193,5.069666108
1987,90.53992045,6.134180246
1988,91.03458874,6.208162626
1989,90.506311,6.717225836
1990,90.11159623,7.328627482
1991,87.18809017,10.36439093
1992,85.31339277,12.48491643
1993,84.55870104,12.85796018
1994,84.84568231,12.42484958
1995,84.44709977,12.74719008
1996,83.14160745,13.9480092
1997,81.52103063,15.41574276
1998,80.39496417,16.73073492
1999,78.91332333,17.97426421
2000,76.22356595,20.44473618
2001,75.34504584,21.37710402
2002,73.94165998,22.72526508
2003,72.17680359,24.31588402
2004,70.85974273,25.69595769
2005,68.90160047,27.31137519
2006,66.70999843,29.32693872
2007,65.7013963,30.71179778
2008,65.15361784,30.9528539
2009,61.5955705,34.57249899
2010,59.81293253,35.47163352
2011,61.15933183,33.19560721
2012,60.34452162,33.4258951
2013,58.7998995,35.15547377
2014,57.28351434,36.96717194
2015,56.04154327,38.29457799
2016,55.27221843,38.86088053
2017,54.86786011,39.07378161
2018,54.13273452,39.72072889
2019,54.4901711,39.64386709
2020,53.30721715,40.66537648
